0100010000011110
0110110100001000
1111110011001100
0110110110001000
0110001110001100
0111111111110000
0100100100111101
0110010001010001
0111111001000001
0110101101010001
0111101110011100
0110100101100100
0110011110001001
0110101001101101
0110000101100100
0010000010111110
0111010010100000
0110111111110000
0010000010111110
0110011000110100
0110000101100100
0110101001101101
0110111000000001
0110000101100100
0010000010111110
0111101000110100
0110000101100100
0110001001011000
0110000101100100
0111011110011100
0110000101100100
0010000010111110
0011101000011111
0010100101111010
